1 4 
2 4 
10 4 
18 6 
19 4 
27 6 
28 4 
30 4 
35 6 
36 4 
47 8 
48 6 
49 4 
85 4 
89 4 
95 6 
96 4 
100 4 
102 4 
109 4 
114 4 
120 4 
125 6 
126 4 
133 4 
161 4 
167 6 
168 4 
175 4 
179 6 
180 4 
190 4 
244 4 
333 4 
336 4 
339 6 
340 4 
365 6 
366 4 
409 4 
412 6 
413 4 
430 6 
431 4 
432 8 
433 6 
434 4 
444 4 
466 12 
467 10 
468 4 
468 6 
468 8 
469 4 
469 6 
470 4 
470 6 
471 4 
472 4 
479 6 
480 4 
522 4 
527 4 
535 4 
538 6 
539 4 
550 4 
552 4 
555 4 
557 4 
581 4 
586 4 
606 4 
606 6 
607 4 
608 4 
663 6 
664 4 
694 6 
695 4 
705 4 
712 4 
742 4 
770 4 
821 4 
829 4 
854 4 
868 6 
869 4 
872 4 
881 4 
930 4 
939 4 
